12.7635
11.7212
10.7076
9.7487
8.8646
8.0662
7.3506
6.6969
6.0666
5.4129
4.6973
3.8989
3.0148
2.0559
1.0423
0.0000
1.0423
2.0559
3.0148
3.8989
4.6973
5.4129
6.0666
6.6969
7.3506
8.0662
8.8646
9.7487
10.7076
11.7212
25.5270
23.4424
21.4152
19.4973
17.7292
16.1325
14.7012
13.3938
12.1331
10.8258
9.3945
7.7978
6.0297
4.1118
2.0846
0.0000
2.0846
4.1118
6.0297
7.7978
9.3945
10.8258
12.1331
13.3938
14.7012
16.1325
17.7292
19.4973
21.4152
23.4424
38.2905
35.1635
32.1227
29.2460
26.5938
24.1987
22.0518
20.0908
18.1997
16.2387
14.0918
11.6967
9.0445
6.1678
3.1270
0.0000
3.1270
6.1678
9.0445
11.6967
14.0918
16.2387
18.1997
20.0908
22.0518
24.1987
26.5938
29.2460
32.1227
35.1635
51.0540
46.8847
42.8303
38.9947
35.4584
32.2649
29.4024
26.7877
24.2663
21.6516
18.7891
15.5955
12.0593
8.2237
4.1693
0.0000
4.1693
8.2237
12.0593
15.5955
18.7891
21.6516
24.2663
26.7877
29.4024
32.2649
35.4584
38.9947
42.8303
46.8847
63.8175
58.6059
53.5379
48.7433
44.3231
40.3311
36.7530
33.4846
30.3329
27.0645
23.4864
19.4944
15.0742
10.2796
5.2116
0.0000
5.2116
10.2796
15.0742
19.4944
23.4864
27.0645
30.3329
33.4846
36.7530
40.3311
44.3231
48.7433
53.5379
58.6059
76.5810
70.3271
64.2455
58.4920
53.1877
48.3974
44.1036
40.1815
36.3994
32.4774
28.1836
23.3933
18.0890
12.3355
6.2539
0.0000
6.2539
12.3355
18.0890
23.3933
28.1836
32.4774
36.3994
40.1815
44.1036
48.3974
53.1877
58.4920
64.2455
70.3271
89.3445
82.0483
74.9531
68.2407
62.0523
56.4636
51.4542
46.8785
42.4660
37.8903
32.8809
27.2922
21.1038
14.3914
7.2962
0.0000
7.2962
14.3914
21.1038
27.2922
32.8809
37.8903
42.4660
46.8785
51.4542
56.4636
62.0523
68.2407
74.9531
82.0483
102.1080
93.7694
85.6607
77.9893
70.9169
64.5298
58.8048
53.5754
48.5326
43.3032
37.5782
31.1911
24.1187
16.4473
8.3386
0.0000
8.3386
16.4473
24.1187
31.1911
37.5782
43.3032
48.5326
53.5754
58.8048
64.5298
70.9169
77.9893
85.6607
93.7694
114.8715
105.4906
96.3682
87.7380
79.7815
72.5960
66.1554
60.2723
54.5992
48.7161
42.2755
35.0900
27.1335
18.5033
9.3809
0.0000
9.3809
18.5033
27.1335
35.0900
42.2755
48.7161
54.5992
60.2723
66.1554
72.5960
79.7815
87.7380
96.3682
105.4906
127.6350
117.2118
107.0758
97.4867
88.6461
80.6623
73.5060
66.9692
60.6657
54.1290
46.9727
38.9889
30.1483
20.5592
10.4232
0.0000
10.4232
20.5592
30.1483
38.9889
46.9727
54.1290
60.6657
66.9692
73.5060
80.6623
88.6461
97.4867
107.0758
117.2118
0.0000
1.0423
2.0559
3.0148
3.8989
4.6973
5.4129
6.0666
6.6969
7.3506
8.0662
8.8646
9.7487
10.7076
11.7212
12.7635
13.8058
14.8194
15.7783
16.6624
17.4608
18.1764
18.8301
19.4604
20.1141
20.8297
21.6281
22.5122
23.4711
24.4847
0.0000
2.0846
4.1118
6.0297
7.7978
9.3945
10.8258
12.1331
13.3938
14.7012
16.1325
17.7292
19.4973
21.4152
23.4424
25.5270
27.6116
29.6388
31.5567
33.3248
34.9215
36.3528
37.6601
38.9208
40.2282
41.6594
43.2562
45.0243
46.9422
48.9694
0.0000
3.1270
6.1678
9.0445
11.6967
14.0918
16.2387
18.1997
20.0908
22.0518
24.1987
26.5938
29.2460
32.1227
35.1635
38.2905
41.4175
44.4583
47.3350
49.9872
52.3823
54.5292
56.4902
58.3813
60.3423
62.4892
64.8843
67.5365
70.4132
73.4540
0.0000
4.1693
8.2237
12.0593
15.5955
18.7891
21.6516
24.2663
26.7877
29.4024
32.2649
35.4584
38.9947
42.8303
46.8847
51.0540
55.2233
59.2777
63.1133
66.6495
69.8431
72.7056
75.3203
77.8417
80.4564
83.3189
86.5124
90.0487
93.8843
97.9387
0.0000
5.2116
10.2796
15.0742
19.4944
23.4864
27.0645
30.3329
33.4846
36.7530
40.3311
44.3231
48.7433
53.5379
58.6059
63.8175
69.0291
74.0971
78.8917
83.3119
87.3039
90.8820
94.1504
97.3021
100.5705
104.1486
108.1406
112.5608
117.3554
122.4234
0.0000
6.2539
12.3355
18.0890
23.3933
28.1836
32.4774
36.3994
40.1815
44.1036
48.3974
53.1877
58.4920
64.2455
70.3271
76.5810
82.8349
88.9165
94.6700
99.9743
104.7646
109.0584
112.9804
116.7625
120.6846
124.9783
129.7687
135.0730
140.8265
146.9081
0.0000
7.2962
14.3914
21.1038
27.2922
32.8809
37.8903
42.4660
46.8785
51.4542
56.4636
62.0523
68.2407
74.9531
82.0483
89.3445
96.6407
103.7359
110.4483
116.6367
122.2254
127.2348
131.8105
136.2230
140.7987
145.8081
151.3968
157.5852
164.2976
171.3928
0.0000
8.3386
16.4473
24.1187
31.1911
37.5782
43.3032
48.5326
53.5754
58.8048
64.5298
70.9169
77.9893
85.6607
93.7694
102.1080
110.4466
118.5553
126.2267
133.2991
139.6862
145.4112
150.6406
155.6834
160.9128
166.6378
173.0249
180.0973
187.7686
195.8774
0.0000
9.3809
18.5033
27.1335
35.0900
42.2755
48.7161
54.5992
60.2723
66.1554
72.5960
79.7815
87.7380
96.3682
105.4906
114.8715
124.2524
133.3748
142.0050
149.9615
157.1470
163.5876
169.4707
175.1438
181.0269
187.4675
194.6530
202.6095
211.2397
220.3621
0.0000
10.4232
20.5592
30.1483
38.9889
46.9727
54.1290
60.6657
66.9692
73.5060
80.6623
88.6461
97.4867
107.0758
117.2118
127.6350
138.0582
148.1942
157.7833
166.6239
174.6077
181.7640
188.3007
194.6042
201.1410
208.2972
216.2811
225.1217
234.7108
244.8468