6.0000 0.0000
5.9344 1.0396
5.7406 2.0337
5.4271 2.9389
5.0074 3.7157
4.5000 4.3301
3.9271 4.7553
3.3136 4.9726
2.6864 4.9726
2.0729 4.7553
1.5000 4.3301
0.9926 3.7157
0.5729 2.9389
0.2594 2.0337
0.0656 1.0396
0.0000 0.0000
0.0656 -1.0396
0.2594 -2.0337
0.5729 -2.9389
0.9926 -3.7157
1.5000 -4.3301
2.0729 -4.7553
2.6864 -4.9726
3.3136 -4.9726
3.9271 -4.7553
4.5000 -4.3301
5.0074 -3.7157
5.4271 -2.9389
5.7406 -2.0337
5.9344 -1.0396
12.0000 0.0000
11.8689 2.0791
11.4813 4.0674
10.8541 5.8779
10.0148 7.4314
9.0000 8.6603
7.8541 9.5106
6.6272 9.9452
5.3728 9.9452
4.1459 9.5106
3.0000 8.6603
1.9852 7.4314
1.1459 5.8779
0.5187 4.0674
0.1311 2.0791
0.0000 0.0000
0.1311 -2.0791
0.5187 -4.0674
1.1459 -5.8779
1.9852 -7.4314
3.0000 -8.6603
4.1459 -9.5106
5.3728 -9.9452
6.6272 -9.9452
7.8541 -9.5106
9.0000 -8.6603
10.0148 -7.4314
10.8541 -5.8779
11.4813 -4.0674
11.8689 -2.0791
18.0000 0.0000
17.8033 3.1187
17.2219 6.1010
16.2812 8.8168
15.0222 11.1472
13.5000 12.9904
11.7812 14.2658
9.9408 14.9178
8.0592 14.9178
6.2188 14.2658
4.5000 12.9904
2.9778 11.1472
1.7188 8.8168
0.7781 6.1010
0.1967 3.1187
0.0000 0.0000
0.1967 -3.1187
0.7781 -6.1010
1.7188 -8.8168
2.9778 -11.1472
4.5000 -12.9904
6.2188 -14.2658
8.0592 -14.9178
9.9408 -14.9178
11.7812 -14.2658
13.5000 -12.9904
15.0222 -11.1472
16.2812 -8.8168
17.2219 -6.1010
17.8033 -3.1187
24.0000 0.0000
23.7378 4.1582
22.9625 8.1347
21.7082 11.7557
20.0296 14.8629
18.0000 17.3205
15.7082 19.0211
13.2543 19.8904
10.7457 19.8904
8.2918 19.0211
6.0000 17.3205
3.9704 14.8629
2.2918 11.7557
1.0375 8.1347
0.2622 4.1582
0.0000 0.0000
0.2622 -4.1582
1.0375 -8.1347
2.2918 -11.7557
3.9704 -14.8629
6.0000 -17.3205
8.2918 -19.0211
10.7457 -19.8904
13.2543 -19.8904
15.7082 -19.0211
18.0000 -17.3205
20.0296 -14.8629
21.7082 -11.7557
22.9625 -8.1347
23.7378 -4.1582
30.0000 0.0000
29.6722 5.1978
28.7032 10.1684
27.1353 14.6946
25.0370 18.5786
22.5000 21.6506
19.6353 23.7764
16.5679 24.8630
13.4321 24.8630
10.3647 23.7764
7.5000 21.6506
4.9630 18.5786
2.8647 14.6946
1.2968 10.1684
0.3278 5.1978
0.0000 0.0000
0.3278 -5.1978
1.2968 -10.1684
2.8647 -14.6946
4.9630 -18.5786
7.5000 -21.6506
10.3647 -23.7764
13.4321 -24.8630
16.5679 -24.8630
19.6353 -23.7764
22.5000 -21.6506
25.0370 -18.5786
27.1353 -14.6946
28.7032 -10.1684
29.6722 -5.1978
36.0000 0.0000
35.6067 6.2374
34.4438 12.2021
32.5623 17.6336
30.0444 22.2943
27.0000 25.9808
23.5623 28.5317
19.8815 29.8357
16.1185 29.8357
12.4377 28.5317
9.0000 25.9808
5.9556 22.2943
3.4377 17.6336
1.5562 12.2021
0.3933 6.2374
0.0000 0.0000
0.3933 -6.2374
1.5562 -12.2021
3.4377 -17.6336
5.9556 -22.2943
9.0000 -25.9808
12.4377 -28.5317
16.1185 -29.8357
19.8815 -29.8357
23.5623 -28.5317
27.0000 -25.9808
30.0444 -22.2943
32.5623 -17.6336
34.4438 -12.2021
35.6067 -6.2374
42.0000 0.0000
41.5411 7.2769
40.1845 14.2358
37.9894 20.5725
35.0517 26.0101
31.5000 30.3109
27.4894 33.2870
23.1951 34.8083
18.8049 34.8083
14.5106 33.2870
10.5000 30.3109
6.9483 26.0101
4.0106 20.5725
1.8155 14.2358
0.4589 7.2769
0.0000 0.0000
0.4589 -7.2769
1.8155 -14.2358
4.0106 -20.5725
6.9483 -26.0101
10.5000 -30.3109
14.5106 -33.2870
18.8049 -34.8083
23.1951 -34.8083
27.4894 -33.2870
31.5000 -30.3109
35.0517 -26.0101
37.9894 -20.5725
40.1845 -14.2358
41.5411 -7.2769
48.0000 0.0000
47.4755 8.3165
45.9251 16.2695
43.4164 23.5114
40.0591 29.7258
36.0000 34.6410
31.4164 38.0423
26.5087 39.7809
21.4913 39.7809
16.5836 38.0423
12.0000 34.6410
7.9409 29.7258
4.5836 23.5114
2.0749 16.2695
0.5245 8.3165
0.0000 0.0000
0.5245 -8.3165
2.0749 -16.2695
4.5836 -23.5114
7.9409 -29.7258
12.0000 -34.6410
16.5836 -38.0423
21.4913 -39.7809
26.5087 -39.7809
31.4164 -38.0423
36.0000 -34.6410
40.0591 -29.7258
43.4164 -23.5114
45.9251 -16.2695
47.4755 -8.3165
54.0000 0.0000
53.4100 9.3560
51.6657 18.3031
48.8435 26.4503
45.0665 33.4415
40.5000 38.9711
35.3435 42.7975
29.8223 44.7535
24.1777 44.7535
18.6565 42.7975
13.5000 38.9711
8.9335 33.4415
5.1565 26.4503
2.3343 18.3031
0.5900 9.3560
0.0000 0.0000
0.5900 -9.3560
2.3343 -18.3031
5.1565 -26.4503
8.9335 -33.4415
13.5000 -38.9711
18.6565 -42.7975
24.1777 -44.7535
29.8223 -44.7535
35.3435 -42.7975
40.5000 -38.9711
45.0665 -33.4415
48.8435 -26.4503
51.6657 -18.3031
53.4100 -9.3560
60.0000 0.0000
59.3444 10.3956
57.4064 20.3368
54.2705 29.3893
50.0739 37.1572
45.0000 43.3013
39.2705 47.5528
33.1359 49.7261
26.8641 49.7261
20.7295 47.5528
15.0000 43.3013
9.9261 37.1572
5.7295 29.3893
2.5936 20.3368
0.6556 10.3956
0.0000 0.0000
0.6556 -10.3956
2.5936 -20.3368
5.7295 -29.3893
9.9261 -37.1572
15.0000 -43.3013
20.7295 -47.5528
26.8641 -49.7261
33.1359 -49.7261
39.2705 -47.5528
45.0000 -43.3013
50.0739 -37.1572
54.2705 -29.3893
57.4064 -20.3368
59.3444 -10.3956
0.0000 0.0000
-0.0656 1.0396
-0.2594 2.0337
-0.5729 2.9389
-0.9926 3.7157
-1.5000 4.3301
-2.0729 4.7553
-2.6864 4.9726
-3.3136 4.9726
-3.9271 4.7553
-4.5000 4.3301
-5.0074 3.7157
-5.4271 2.9389
-5.7406 2.0337
-5.9344 1.0396
-6.0000 0.0000
-5.9344 -1.0396
-5.7406 -2.0337
-5.4271 -2.9389
-5.0074 -3.7157
-4.5000 -4.3301
-3.9271 -4.7553
-3.3136 -4.9726
-2.6864 -4.9726
-2.0729 -4.7553
-1.5000 -4.3301
-0.9926 -3.7157
-0.5729 -2.9389
-0.2594 -2.0337
-0.0656 -1.0396
0.0000 0.0000
-0.1311 2.0791
-0.5187 4.0674
-1.1459 5.8779
-1.9852 7.4314
-3.0000 8.6603
-4.1459 9.5106
-5.3728 9.9452
-6.6272 9.9452
-7.8541 9.5106
-9.0000 8.6603
-10.0148 7.4314
-10.8541 5.8779
-11.4813 4.0674
-11.8689 2.0791
-12.0000 0.0000
-11.8689 -2.0791
-11.4813 -4.0674
-10.8541 -5.8779
-10.0148 -7.4314
-9.0000 -8.6603
-7.8541 -9.5106
-6.6272 -9.9452
-5.3728 -9.9452
-4.1459 -9.5106
-3.0000 -8.6603
-1.9852 -7.4314
-1.1459 -5.8779
-0.5187 -4.0674
-0.1311 -2.0791
0.0000 0.0000
-0.1967 3.1187
-0.7781 6.1010
-1.7188 8.8168
-2.9778 11.1472
-4.5000 12.9904
-6.2188 14.2658
-8.0592 14.9178
-9.9408 14.9178
-11.7812 14.2658
-13.5000 12.9904
-15.0222 11.1472
-16.2812 8.8168
-17.2219 6.1010
-17.8033 3.1187
-18.0000 0.0000
-17.8033 -3.1187
-17.2219 -6.1010
-16.2812 -8.8168
-15.0222 -11.1472
-13.5000 -12.9904
-11.7812 -14.2658
-9.9408 -14.9178
-8.0592 -14.9178
-6.2188 -14.2658
-4.5000 -12.9904
-2.9778 -11.1472
-1.7188 -8.8168
-0.7781 -6.1010
-0.1967 -3.1187
0.0000 0.0000
-0.2622 4.1582
-1.0375 8.1347
-2.2918 11.7557
-3.9704 14.8629
-6.0000 17.3205
-8.2918 19.0211
-10.7457 19.8904
-13.2543 19.8904
-15.7082 19.0211
-18.0000 17.3205
-20.0296 14.8629
-21.7082 11.7557
-22.9625 8.1347
-23.7378 4.1582
-24.0000 0.0000
-23.7378 -4.1582
-22.9625 -8.1347
-21.7082 -11.7557
-20.0296 -14.8629
-18.0000 -17.3205
-15.7082 -19.0211
-13.2543 -19.8904
-10.7457 -19.8904
-8.2918 -19.0211
-6.0000 -17.3205
-3.9704 -14.8629
-2.2918 -11.7557
-1.0375 -8.1347
-0.2622 -4.1582
0.0000 0.0000
-0.3278 5.1978
-1.2968 10.1684
-2.8647 14.6946
-4.9630 18.5786
-7.5000 21.6506
-10.3647 23.7764
-13.4321 24.8630
-16.5679 24.8630
-19.6353 23.7764
-22.5000 21.6506
-25.0370 18.5786
-27.1353 14.6946
-28.7032 10.1684
-29.6722 5.1978
-30.0000 0.0000
-29.6722 -5.1978
-28.7032 -10.1684
-27.1353 -14.6946
-25.0370 -18.5786
-22.5000 -21.6506
-19.6353 -23.7764
-16.5679 -24.8630
-13.4321 -24.8630
-10.3647 -23.7764
-7.5000 -21.6506
-4.9630 -18.5786
-2.8647 -14.6946
-1.2968 -10.1684
-0.3278 -5.1978
0.0000 0.0000
-0.3933 6.2374
-1.5562 12.2021
-3.4377 17.6336
-5.9556 22.2943
-9.0000 25.9808
-12.4377 28.5317
-16.1185 29.8357
-19.8815 29.8357
-23.5623 28.5317
-27.0000 25.9808
-30.0444 22.2943
-32.5623 17.6336
-34.4438 12.2021
-35.6067 6.2374
-36.0000 0.0000
-35.6067 -6.2374
-34.4438 -12.2021
-32.5623 -17.6336
-30.0444 -22.2943
-27.0000 -25.9808
-23.5623 -28.5317
-19.8815 -29.8357
-16.1185 -29.8357
-12.4377 -28.5317
-9.0000 -25.9808
-5.9556 -22.2943
-3.4377 -17.6336
-1.5562 -12.2021
-0.3933 -6.2374
0.0000 0.0000
-0.4589 7.2769
-1.8155 14.2358
-4.0106 20.5725
-6.9483 26.0101
-10.5000 30.3109
-14.5106 33.2870
-18.8049 34.8083
-23.1951 34.8083
-27.4894 33.2870
-31.5000 30.3109
-35.0517 26.0101
-37.9894 20.5725
-40.1845 14.2358
-41.5411 7.2769
-42.0000 0.0000
-41.5411 -7.2769
-40.1845 -14.2358
-37.9894 -20.5725
-35.0517 -26.0101
-31.5000 -30.3109
-27.4894 -33.2870
-23.1951 -34.8083
-18.8049 -34.8083
-14.5106 -33.2870
-10.5000 -30.3109
-6.9483 -26.0101
-4.0106 -20.5725
-1.8155 -14.2358
-0.4589 -7.2769
0.0000 0.0000
-0.5245 8.3165
-2.0749 16.2695
-4.5836 23.5114
-7.9409 29.7258
-12.0000 34.6410
-16.5836 38.0423
-21.4913 39.7809
-26.5087 39.7809
-31.4164 38.0423
-36.0000 34.6410
-40.0591 29.7258
-43.4164 23.5114
-45.9251 16.2695
-47.4755 8.3165
-48.0000 0.0000
-47.4755 -8.3165
-45.9251 -16.2695
-43.4164 -23.5114
-40.0591 -29.7258
-36.0000 -34.6410
-31.4164 -38.0423
-26.5087 -39.7809
-21.4913 -39.7809
-16.5836 -38.0423
-12.0000 -34.6410
-7.9409 -29.7258
-4.5836 -23.5114
-2.0749 -16.2695
-0.5245 -8.3165
0.0000 0.0000
-0.5900 9.3560
-2.3343 18.3031
-5.1565 26.4503
-8.9335 33.4415
-13.5000 38.9711
-18.6565 42.7975
-24.1777 44.7535
-29.8223 44.7535
-35.3435 42.7975
-40.5000 38.9711
-45.0665 33.4415
-48.8435 26.4503
-51.6657 18.3031
-53.4100 9.3560
-54.0000 0.0000
-53.4100 -9.3560
-51.6657 -18.3031
-48.8435 -26.4503
-45.0665 -33.4415
-40.5000 -38.9711
-35.3435 -42.7975
-29.8223 -44.7535
-24.1777 -44.7535
-18.6565 -42.7975
-13.5000 -38.9711
-8.9335 -33.4415
-5.1565 -26.4503
-2.3343 -18.3031
-0.5900 -9.3560
0.0000 0.0000
-0.6556 10.3956
-2.5936 20.3368
-5.7295 29.3893
-9.9261 37.1572
-15.0000 43.3013
-20.7295 47.5528
-26.8641 49.7261
-33.1359 49.7261
-39.2705 47.5528
-45.0000 43.3013
-50.0739 37.1572
-54.2705 29.3893
-57.4064 20.3368
-59.3444 10.3956
-60.0000 0.0000
-59.3444 -10.3956
-57.4064 -20.3368
-54.2705 -29.3893
-50.0739 -37.1572
-45.0000 -43.3013
-39.2705 -47.5528
-33.1359 -49.7261
-26.8641 -49.7261
-20.7295 -47.5528
-15.0000 -43.3013
-9.9261 -37.1572
-5.7295 -29.3893
-2.5936 -20.3368
-0.6556 -10.3956