-0.0629 0.9980
-0.1913 0.9815
-0.3273 0.9449
-0.4753 0.8798
-0.6368 0.7711
-0.8031 0.5959
-0.9426 0.3339
-1.0000 0.0000
-0.9426 -0.3339
-0.8031 -0.5959
-0.6368 -0.7711
-0.4753 -0.8798
-0.3273 -0.9449
-0.1913 -0.9815
-0.0629 -0.9980
0.0629 -0.9980
0.1913 -0.9815
0.3273 -0.9449
0.4753 -0.8798
0.6368 -0.7711
0.8031 -0.5959
0.9426 -0.3339
1.0000 0.0000
0.9426 0.3339
0.8031 0.5959
0.6368 0.7711
0.4753 0.8798
0.3273 0.9449
0.1913 0.9815
0.0629 0.9980
-0.0629 0.9980
-0.1913 0.9815
-0.3273 0.9449
-0.4753 0.8798
-0.6368 0.7711
-0.8031 0.5959
-0.9426 0.3339
-1.0000 0.0000
-0.9426 -0.3339
-0.8031 -0.5959
-0.6368 -0.7711
-0.4753 -0.8798
-0.3273 -0.9449
-0.1913 -0.9815
-0.0629 -0.9980
0.0629 -0.9980
0.1913 -0.9815
0.3273 -0.9449
0.4753 -0.8798
0.6368 -0.7711
0.8031 -0.5959
0.9426 -0.3339
1.0000 0.0000
0.9426 0.3339
0.8031 0.5959
0.6368 0.7711
0.4753 0.8798
0.3273 0.9449
0.1913 0.9815
0.0629 0.9980
-0.0629 0.9980
-0.1913 0.9815
-0.3273 0.9449
-0.4753 0.8798
-0.6368 0.7711
-0.8031 0.5959
-0.9426 0.3339
-1.0000 0.0000
-0.9426 -0.3339
-0.8031 -0.5959
-0.6368 -0.7711
-0.4753 -0.8798
-0.3273 -0.9449
-0.1913 -0.9815
-0.0629 -0.9980
0.0629 -0.9980
0.1913 -0.9815
0.3273 -0.9449
0.4753 -0.8798
0.6368 -0.7711
0.8031 -0.5959
0.9426 -0.3339
1.0000 -0.0000
0.9426 0.3339
0.8031 0.5959
0.6368 0.7711
0.4753 0.8798
0.3273 0.9449
0.1913 0.9815
0.0629 0.9980
-0.0629 0.9980
-0.1913 0.9815
-0.3273 0.9449
-0.4753 0.8798
-0.6368 0.7711
-0.8031 0.5959
-0.9426 0.3339
-1.0000 0.0000
-0.9426 -0.3339
-0.8031 -0.5959
-0.6368 -0.7711
-0.4753 -0.8798
-0.3273 -0.9449
-0.1913 -0.9815
-0.0629 -0.9980
0.0629 -0.9980
0.1913 -0.9815
0.3273 -0.9449
0.4753 -0.8798
0.6368 -0.7711
0.8031 -0.5959
0.9426 -0.3339
1.0000 0.0000
0.9426 0.3339
0.8031 0.5959
0.6368 0.7711
0.4753 0.8798
0.3273 0.9449
0.1913 0.9815
0.0629 0.9980
-0.0629 0.9980
-0.1913 0.9815
-0.3273 0.9449
-0.4753 0.8798
-0.6368 0.7711
-0.8031 0.5959
-0.9426 0.3339
-1.0000 0.0000
-0.9426 -0.3339
-0.8031 -0.5959
-0.6368 -0.7711
-0.4753 -0.8798
-0.3273 -0.9449
-0.1913 -0.9815
-0.0629 -0.9980
0.0629 -0.9980
0.1913 -0.9815
0.3273 -0.9449
0.4753 -0.8798
0.6368 -0.7711
0.8031 -0.5959
0.9426 -0.3339
1.0000 0.0000
0.9426 0.3339
0.8031 0.5959
0.6368 0.7711
0.4753 0.8798
0.3273 0.9449
0.1913 0.9815
0.0629 0.9980
-0.0629 0.9980
-0.1913 0.9815
-0.3273 0.9449
-0.4753 0.8798
-0.6368 0.7711
-0.8031 0.5959
-0.9426 0.3339
-1.0000 0.0000
-0.9426 -0.3339
-0.8031 -0.5959
-0.6368 -0.7711
-0.4753 -0.8798
-0.3273 -0.9449
-0.1913 -0.9815
-0.0629 -0.9980
0.0629 -0.9980
0.1913 -0.9815
0.3273 -0.9449
0.4753 -0.8798
0.6368 -0.7711
0.8031 -0.5959
0.9426 -0.3339
1.0000 -0.0000
0.9426 0.3339
0.8031 0.5959
0.6368 0.7711
0.4753 0.8798
0.3273 0.9449
0.1913 0.9815
0.0629 0.9980
-0.0629 0.9980
-0.1913 0.9815
-0.3273 0.9449
-0.4753 0.8798
-0.6368 0.7711
-0.8031 0.5959
-0.9426 0.3339
-1.0000 0.0000
-0.9426 -0.3339
-0.8031 -0.5959
-0.6368 -0.7711
-0.4753 -0.8798
-0.3273 -0.9449
-0.1913 -0.9815
-0.0629 -0.9980
0.0629 -0.9980
0.1913 -0.9815
0.3273 -0.9449
0.4753 -0.8798
0.6368 -0.7711
0.8031 -0.5959
0.9426 -0.3339
1.0000 -0.0000
0.9426 0.3339
0.8031 0.5959
0.6368 0.7711
0.4753 0.8798
0.3273 0.9449
0.1913 0.9815
0.0629 0.9980
-0.0629 0.9980
-0.1913 0.9815
-0.3273 0.9449
-0.4753 0.8798
-0.6368 0.7711
-0.8031 0.5959
-0.9426 0.3339
-1.0000 0.0000
-0.9426 -0.3339
-0.8031 -0.5959
-0.6368 -0.7711
-0.4753 -0.8798
-0.3273 -0.9449
-0.1913 -0.9815
-0.0629 -0.9980
0.0629 -0.9980
0.1913 -0.9815
0.3273 -0.9449
0.4753 -0.8798
0.6368 -0.7711
0.8031 -0.5959
0.9426 -0.3339
1.0000 0.0000
0.9426 0.3339
0.8031 0.5959
0.6368 0.7711
0.4753 0.8798
0.3273 0.9449
0.1913 0.9815
0.0629 0.9980
-0.0629 0.9980
-0.1913 0.9815
-0.3273 0.9449
-0.4753 0.8798
-0.6368 0.7711
-0.8031 0.5959
-0.9426 0.3339
-1.0000 0.0000
-0.9426 -0.3339
-0.8031 -0.5959
-0.6368 -0.7711
-0.4753 -0.8798
-0.3273 -0.9449
-0.1913 -0.9815
-0.0629 -0.9980
0.0629 -0.9980
0.1913 -0.9815
0.3273 -0.9449
0.4753 -0.8798
0.6368 -0.7711
0.8031 -0.5959
0.9426 -0.3339
1.0000 -0.0000
0.9426 0.3339
0.8031 0.5959
0.6368 0.7711
0.4753 0.8798
0.3273 0.9449
0.1913 0.9815
0.0629 0.9980
-0.0629 0.9980
-0.1913 0.9815
-0.3273 0.9449
-0.4753 0.8798
-0.6368 0.7711
-0.8031 0.5959
-0.9426 0.3339
-1.0000 0.0000
-0.9426 -0.3339
-0.8031 -0.5959
-0.6368 -0.7711
-0.4753 -0.8798
-0.3273 -0.9449
-0.1913 -0.9815
-0.0629 -0.9980
0.0629 -0.9980
0.1913 -0.9815
0.3273 -0.9449
0.4753 -0.8798
0.6368 -0.7711
0.8031 -0.5959
0.9426 -0.3339
1.0000 0.0000
0.9426 0.3339
0.8031 0.5959
0.6368 0.7711
0.4753 0.8798
0.3273 0.9449
0.1913 0.9815
0.1913 0.9815
0.1913 0.9815
0.0629 -0.9980
0.1913 -0.9815
0.3273 -0.9449
0.4753 -0.8798
0.6368 -0.7711
0.8031 -0.5959
0.9426 -0.3339
1.0000 0.0000
0.9426 0.3339
0.8031 0.5959
0.6368 0.7711
0.4753 0.8798
0.3273 0.9449
0.1913 0.9815
0.0629 0.9980
-0.0629 0.9980
-0.1913 0.9815
-0.3273 0.9449
-0.4753 0.8798
-0.6368 0.7711
-0.8031 0.5959
-0.9426 0.3339
-1.0000 0.0000
-0.9426 -0.3339
-0.8031 -0.5959
-0.6368 -0.7711
-0.4753 -0.8798
-0.3273 -0.9449
-0.1913 -0.9815
-0.0629 -0.9980
0.0629 -0.9980
0.1913 -0.9815
0.3273 -0.9449
0.4753 -0.8798
0.6368 -0.7711
0.8031 -0.5959
0.9426 -0.3339
1.0000 0.0000
0.9426 0.3339
0.8031 0.5959
0.6368 0.7711
0.4753 0.8798
0.3273 0.9449
0.1913 0.9815
0.0629 0.9980
-0.0629 0.9980
-0.1913 0.9815
-0.3273 0.9449
-0.4753 0.8798
-0.6368 0.7711
-0.8031 0.5959
-0.9426 0.3339
-1.0000 0.0000
-0.9426 -0.3339
-0.8031 -0.5959
-0.6368 -0.7711
-0.4753 -0.8798
-0.3273 -0.9449
-0.1913 -0.9815
-0.0629 -0.9980
0.0629 -0.9980
0.1913 -0.9815
0.3273 -0.9449
0.4753 -0.8798
0.6368 -0.7711
0.8031 -0.5959
0.9426 -0.3339
1.0000 -0.0000
0.9426 0.3339
0.8031 0.5959
0.6368 0.7711
0.4753 0.8798
0.3273 0.9449
0.1913 0.9815
0.0629 0.9980
-0.0629 0.9980
-0.1913 0.9815
-0.3273 0.9449
-0.4753 0.8798
-0.6368 0.7711
-0.8031 0.5959
-0.9426 0.3339
-1.0000 0.0000
-0.9426 -0.3339
-0.8031 -0.5959
-0.6368 -0.7711
-0.4753 -0.8798
-0.3273 -0.9449
-0.1913 -0.9815
-0.0629 -0.9980
0.0629 -0.9980
0.1913 -0.9815
0.3273 -0.9449
0.4753 -0.8798
0.6368 -0.7711
0.8031 -0.5959
0.9426 -0.3339
1.0000 0.0000
0.9426 0.3339
0.8031 0.5959
0.6368 0.7711
0.4753 0.8798
0.3273 0.9449
0.1913 0.9815
0.0629 0.9980
-0.0629 0.9980
-0.1913 0.9815
-0.3273 0.9449
-0.4753 0.8798
-0.6368 0.7711
-0.8031 0.5959
-0.9426 0.3339
-1.0000 0.0000
-0.9426 -0.3339
-0.8031 -0.5959
-0.6368 -0.7711
-0.4753 -0.8798
-0.3273 -0.9449
-0.1913 -0.9815
-0.0629 -0.9980
0.0629 -0.9980
0.1913 -0.9815
0.3273 -0.9449
0.4753 -0.8798
0.6368 -0.7711
0.8031 -0.5959
0.9426 -0.3339
1.0000 0.0000
0.9426 0.3339
0.8031 0.5959
0.6368 0.7711
0.4753 0.8798
0.3273 0.9449
0.1913 0.9815
0.0629 0.9980
-0.0629 0.9980
-0.1913 0.9815
-0.3273 0.9449
-0.4753 0.8798
-0.6368 0.7711
-0.8031 0.5959
-0.9426 0.3339
-1.0000 0.0000
-0.9426 -0.3339
-0.8031 -0.5959
-0.6368 -0.7711
-0.4753 -0.8798
-0.3273 -0.9449
-0.1913 -0.9815
-0.0629 -0.9980
0.0629 -0.9980
0.1913 -0.9815
0.3273 -0.9449
0.4753 -0.8798
0.6368 -0.7711
0.8031 -0.5959
0.9426 -0.3339
1.0000 -0.0000
0.9426 0.3339
0.8031 0.5959
0.6368 0.7711
0.4753 0.8798
0.3273 0.9449
0.1913 0.9815
0.0629 0.9980
-0.0629 0.9980
-0.1913 0.9815
-0.3273 0.9449
-0.4753 0.8798
-0.6368 0.7711
-0.8031 0.5959
-0.9426 0.3339
-1.0000 0.0000
-0.9426 -0.3339
-0.8031 -0.5959
-0.6368 -0.7711
-0.4753 -0.8798
-0.3273 -0.9449
-0.1913 -0.9815
-0.0629 -0.9980
0.0629 -0.9980
0.1913 -0.9815
0.3273 -0.9449
0.4753 -0.8798
0.6368 -0.7711
0.8031 -0.5959
0.9426 -0.3339
1.0000 -0.0000
0.9426 0.3339
0.8031 0.5959
0.6368 0.7711
0.4753 0.8798
0.3273 0.9449
0.1913 0.9815
0.0629 0.9980
-0.0629 0.9980
-0.1913 0.9815
-0.3273 0.9449
-0.4753 0.8798
-0.6368 0.7711
-0.8031 0.5959
-0.9426 0.3339
-1.0000 0.0000
-0.9426 -0.3339
-0.8031 -0.5959
-0.6368 -0.7711
-0.4753 -0.8798
-0.3273 -0.9449
-0.1913 -0.9815
-0.0629 -0.9980
0.0629 -0.9980
0.1913 -0.9815
0.3273 -0.9449
0.4753 -0.8798
0.6368 -0.7711
0.8031 -0.5959
0.9426 -0.3339
1.0000 0.0000
0.9426 0.3339
0.8031 0.5959
0.6368 0.7711
0.4753 0.8798
0.3273 0.9449
0.1913 0.9815
0.0629 0.9980
-0.0629 0.9980
-0.1913 0.9815
-0.3273 0.9449
-0.4753 0.8798
-0.6368 0.7711
-0.8031 0.5959
-0.9426 0.3339
-1.0000 0.0000
-0.9426 -0.3339
-0.8031 -0.5959
-0.6368 -0.7711
-0.4753 -0.8798
-0.3273 -0.9449
-0.1913 -0.9815
-0.0629 -0.9980
0.0629 -0.9980
0.1913 -0.9815
0.3273 -0.9449
0.4753 -0.8798
0.6368 -0.7711
0.8031 -0.5959
0.9426 -0.3339
1.0000 -0.0000
0.9426 0.3339
0.8031 0.5959
0.6368 0.7711
0.4753 0.8798
0.3273 0.9449
0.1913 0.9815
0.0629 0.9980
-0.0629 0.9980
-0.1913 0.9815
-0.3273 0.9449
-0.4753 0.8798
-0.6368 0.7711
-0.8031 0.5959
-0.9426 0.3339
-1.0000 0.0000
-0.9426 -0.3339
-0.8031 -0.5959
-0.6368 -0.7711
-0.4753 -0.8798
-0.3273 -0.9449
-0.1913 -0.9815
-0.0629 -0.9980
0.0629 -0.9980
0.1913 -0.9815
0.3273 -0.9449
0.4753 -0.8798
0.6368 -0.7711
0.8031 -0.5959
0.9426 -0.3339
1.0000 0.0000
0.9426 0.3339
0.8031 0.5959
0.6368 0.7711
0.4753 0.8798
0.3273 0.9449
0.1913 0.9815
0.0629 0.9980
-0.0629 0.9980
-0.1913 0.9815
-0.3273 0.9449
-0.4753 0.8798
-0.6368 0.7711
-0.8031 0.5959
-0.9426 0.3339
-1.0000 0.0000
-0.9426 -0.3339
-0.8031 -0.5959
-0.6368 -0.7711
-0.4753 -0.8798
-0.3273 -0.9449
-0.1913 -0.9815