coordinates
6.0000 0.0000
5.9344 1.0396
5.7406 2.0337
5.4271 2.9389
5.0074 3.7157
4.5000 4.3301
3.9271 4.7553
3.3136 4.9726
2.6864 4.9726
2.0729 4.7553
1.5000 4.3301
0.9926 3.7157
0.5729 2.9389
0.2594 2.0337
0.0656 1.0396
0.0000 0.0000
0.0656 -1.0396
0.2594 -2.0337
0.5729 -2.9389
0.9926 -3.7157
1.5000 -4.3301
2.0729 -4.7553
2.6864 -4.9726
3.3136 -4.9726
3.9271 -4.7553
4.5000 -4.3301
5.0074 -3.7157
5.4271 -2.9389
5.7406 -2.0337
5.9344 -1.0396
12.0000 0.0000
11.8689 2.0791
11.4813 4.0674
10.8541 5.8779
10.0148 7.4314
9.0000 8.6603
7.8541 9.5106
6.6272 9.9452
5.3728 9.9452
4.1459 9.5106
3.0000 8.6603
1.9852 7.4314
1.1459 5.8779
0.5187 4.0674
0.1311 2.0791
0.0000 0.0000
0.1311 -2.0791
0.5187 -4.0674
1.1459 -5.8779
1.9852 -7.4314
3.0000 -8.6603
4.1459 -9.5106
5.3728 -9.9452
6.6272 -9.9452
7.8541 -9.5106
9.0000 -8.6603
10.0148 -7.4314
10.8541 -5.8779
11.4813 -4.0674
11.8689 -2.0791
18.0000 0.0000
17.8033 3.1187
17.2219 6.1010
16.2812 8.8168
15.0222 11.1472
13.5000 12.9904
11.7812 14.2658
9.9408 14.9178
8.0592 14.9178
6.2188 14.2658
4.5000 12.9904
2.9778 11.1472
1.7188 8.8168
0.7781 6.1010
0.1967 3.1187
0.0000 0.0000
0.1967 -3.1187
0.7781 -6.1010
1.7188 -8.8168
2.9778 -11.1472
4.5000 -12.9904
6.2188 -14.2658
8.0592 -14.9178
9.9408 -14.9178
11.7812 -14.2658
13.5000 -12.9904
15.0222 -11.1472
16.2812 -8.8168
17.2219 -6.1010
17.8033 -3.1187
24.0000 0.0000
23.7378 4.1582
22.9625 8.1347
21.7082 11.7557
20.0296 14.8629
18.0000 17.3205
15.7082 19.0211
13.2543 19.8904
10.7457 19.8904
8.2918 19.0211
6.0000 17.3205
3.9704 14.8629
2.2918 11.7557
1.0375 8.1347
0.2622 4.1582
0.0000 0.0000
0.2622 -4.1582
1.0375 -8.1347
2.2918 -11.7557
3.9704 -14.8629
6.0000 -17.3205
8.2918 -19.0211
10.7457 -19.8904
13.2543 -19.8904
15.7082 -19.0211
18.0000 -17.3205
20.0296 -14.8629
21.7082 -11.7557
22.9625 -8.1347
23.7378 -4.1582
30.0000 0.0000
29.6722 5.1978
28.7032 10.1684
27.1353 14.6946
25.0370 18.5786
22.5000 21.6506
19.6353 23.7764
16.5679 24.8630
13.4321 24.8630
10.3647 23.7764
7.5000 21.6506
4.9630 18.5786
2.8647 14.6946
1.2968 10.1684
0.3278 5.1978
0.0000 0.0000
0.3278 -5.1978
1.2968 -10.1684
2.8647 -14.6946
4.9630 -18.5786
7.5000 -21.6506
10.3647 -23.7764
13.4321 -24.8630
16.5679 -24.8630
19.6353 -23.7764
22.5000 -21.6506
25.0370 -18.5786
27.1353 -14.6946
28.7032 -10.1684
29.6722 -5.1978
36.0000 0.0000
35.6067 6.2374
34.4438 12.2021
32.5623 17.6336
30.0444 22.2943
27.0000 25.9808
23.5623 28.5317
19.8815 29.8357
16.1185 29.8357
12.4377 28.5317
9.0000 25.9808
5.9556 22.2943
3.4377 17.6336
1.5562 12.2021
0.3933 6.2374
0.0000 0.0000
0.3933 -6.2374
1.5562 -12.2021
3.4377 -17.6336
5.9556 -22.2943
9.0000 -25.9808
12.4377 -28.5317
16.1185 -29.8357
19.8815 -29.8357
23.5623 -28.5317
27.0000 -25.9808
30.0444 -22.2943
32.5623 -17.6336
34.4438 -12.2021
35.6067 -6.2374
42.0000 0.0000
41.5411 7.2769
40.1845 14.2358
37.9894 20.5725
35.0517 26.0101
31.5000 30.3109
27.4894 33.2870
23.1951 34.8083
18.8049 34.8083
14.5106 33.2870
10.5000 30.3109
6.9483 26.0101
4.0106 20.5725
1.8155 14.2358
0.4589 7.2769
0.0000 0.0000
0.4589 -7.2769
1.8155 -14.2358
4.0106 -20.5725
6.9483 -26.0101
10.5000 -30.3109
14.5106 -33.2870
18.8049 -34.8083
23.1951 -34.8083
27.4894 -33.2870
31.5000 -30.3109
35.0517 -26.0101
37.9894 -20.5725
40.1845 -14.2358
41.5411 -7.2769
48.0000 0.0000
47.4755 8.3165
45.9251 16.2695
43.4164 23.5114
40.0591 29.7258
36.0000 34.6410
31.4164 38.0423
26.5087 39.7809
21.4913 39.7809
16.5836 38.0423
12.0000 34.6410
7.9409 29.7258
4.5836 23.5114
2.0749 16.2695
0.5245 8.3165
0.0000 0.0000
0.5245 -8.3165
2.0749 -16.2695
4.5836 -23.5114
7.9409 -29.7258
12.0000 -34.6410
16.5836 -38.0423
21.4913 -39.7809
26.5087 -39.7809
31.4164 -38.0423
36.0000 -34.6410
40.0591 -29.7258
43.4164 -23.5114
45.9251 -16.2695
47.4755 -8.3165
54.0000 0.0000
53.4100 9.3560
51.6657 18.3031
48.8435 26.4503
45.0665 33.4415
40.5000 38.9711
35.3435 42.7975
29.8223 44.7535
24.1777 44.7535
18.6565 42.7975
13.5000 38.9711
8.9335 33.4415
5.1565 26.4503
2.3343 18.3031
0.5900 9.3560
0.0000 0.0000
0.5900 -9.3560
2.3343 -18.3031
5.1565 -26.4503
8.9335 -33.4415
13.5000 -38.9711
18.6565 -42.7975
24.1777 -44.7535
29.8223 -44.7535
35.3435 -42.7975
40.5000 -38.9711
45.0665 -33.4415
48.8435 -26.4503
51.6657 -18.3031
53.4100 -9.3560
60.0000 0.0000
59.3444 10.3956
57.4064 20.3368
54.2705 29.3893
50.0739 37.1572
45.0000 43.3013
39.2705 47.5528
33.1359 49.7261
26.8641 49.7261
20.7295 47.5528
15.0000 43.3013
9.9261 37.1572
5.7295 29.3893
2.5936 20.3368
0.6556 10.3956
0.0000 0.0000
0.6556 -10.3956
2.5936 -20.3368
5.7295 -29.3893
9.9261 -37.1572
15.0000 -43.3013
20.7295 -47.5528
26.8641 -49.7261
33.1359 -49.7261
39.2705 -47.5528
45.0000 -43.3013
50.0739 -37.1572
54.2705 -29.3893
57.4064 -20.3368
59.3444 -10.3956
0.0000 0.0000
-0.0656 1.0396
-0.2594 2.0337
-0.5729 2.9389
-0.9926 3.7157
-1.5000 4.3301
-2.0729 4.7553
-2.6864 4.9726
-3.3136 4.9726
-3.9271 4.7553
-4.5000 4.3301
-5.0074 3.7157
-5.4271 2.9389
-5.7406 2.0337
-5.9344 1.0396
-6.0000 0.0000
-5.9344 -1.0396
-5.7406 -2.0337
-5.4271 -2.9389
-5.0074 -3.7157
-4.5000 -4.3301
-3.9271 -4.7553
-3.3136 -4.9726
-2.6864 -4.9726
-2.0729 -4.7553
-1.5000 -4.3301
-0.9926 -3.7157
-0.5729 -2.9389
-0.2594 -2.0337
-0.0656 -1.0396
0.0000 0.0000
-0.1311 2.0791
-0.5187 4.0674
-1.1459 5.8779
-1.9852 7.4314
-3.0000 8.6603
-4.1459 9.5106
-5.3728 9.9452
-6.6272 9.9452
-7.8541 9.5106
-9.0000 8.6603
-10.0148 7.4314
-10.8541 5.8779
-11.4813 4.0674
-11.8689 2.0791
-12.0000 0.0000
-11.8689 -2.0791
-11.4813 -4.0674
-10.8541 -5.8779
-10.0148 -7.4314
-9.0000 -8.6603
-7.8541 -9.5106
-6.6272 -9.9452
-5.3728 -9.9452
-4.1459 -9.5106
-3.0000 -8.6603
-1.9852 -7.4314
-1.1459 -5.8779
-0.5187 -4.0674
-0.1311 -2.0791
0.0000 0.0000
-0.1967 3.1187
-0.7781 6.1010
-1.7188 8.8168
-2.9778 11.1472
-4.5000 12.9904
-6.2188 14.2658
-8.0592 14.9178
-9.9408 14.9178
-11.7812 14.2658
-13.5000 12.9904
-15.0222 11.1472
-16.2812 8.8168
-17.2219 6.1010
-17.8033 3.1187
-18.0000 0.0000
-17.8033 -3.1187
-17.2219 -6.1010
-16.2812 -8.8168
-15.0222 -11.1472
-13.5000 -12.9904
-11.7812 -14.2658
-9.9408 -14.9178
-8.0592 -14.9178
-6.2188 -14.2658
-4.5000 -12.9904
-2.9778 -11.1472
-1.7188 -8.8168
-0.7781 -6.1010
-0.1967 -3.1187
0.0000 0.0000
-0.2622 4.1582
-1.0375 8.1347
-2.2918 11.7557
-3.9704 14.8629
-6.0000 17.3205
-8.2918 19.0211
-10.7457 19.8904
-13.2543 19.8904
-15.7082 19.0211
-18.0000 17.3205
-20.0296 14.8629
-21.7082 11.7557
-22.9625 8.1347
-23.7378 4.1582
-24.0000 0.0000
-23.7378 -4.1582
-22.9625 -8.1347
-21.7082 -11.7557
-20.0296 -14.8629
-18.0000 -17.3205
-15.7082 -19.0211
-13.2543 -19.8904
-10.7457 -19.8904
-8.2918 -19.0211
-6.0000 -17.3205
-3.9704 -14.8629
-2.2918 -11.7557
-1.0375 -8.1347
-0.2622 -4.1582
0.0000 0.0000
-0.3278 5.1978
-1.2968 10.1684
-2.8647 14.6946
-4.9630 18.5786
-7.5000 21.6506
-10.3647 23.7764
-13.4321 24.8630
-16.5679 24.8630
-19.6353 23.7764
-22.5000 21.6506
-25.0370 18.5786
-27.1353 14.6946
-28.7032 10.1684
-29.6722 5.1978
-30.0000 0.0000
-29.6722 -5.1978
-28.7032 -10.1684
-27.1353 -14.6946
-25.0370 -18.5786
-22.5000 -21.6506
-19.6353 -23.7764
-16.5679 -24.8630
-13.4321 -24.8630
-10.3647 -23.7764
-7.5000 -21.6506
-4.9630 -18.5786
-2.8647 -14.6946
-1.2968 -10.1684
-0.3278 -5.1978
0.0000 0.0000
-0.3933 6.2374
-1.5562 12.2021
-3.4377 17.6336
-5.9556 22.2943
-9.0000 25.9808
-12.4377 28.5317
-16.1185 29.8357
-19.8815 29.8357
-23.5623 28.5317
-27.0000 25.9808
-30.0444 22.2943
-32.5623 17.6336
-34.4438 12.2021
-35.6067 6.2374
-36.0000 0.0000
-35.6067 -6.2374
-34.4438 -12.2021
-32.5623 -17.6336
-30.0444 -22.2943
-27.0000 -25.9808
-23.5623 -28.5317
-19.8815 -29.8357
-16.1185 -29.8357
-12.4377 -28.5317
-9.0000 -25.9808
-5.9556 -22.2943
-3.4377 -17.6336
-1.5562 -12.2021
-0.3933 -6.2374
0.0000 0.0000
-0.4589 7.2769
-1.8155 14.2358
-4.0106 20.5725
-6.9483 26.0101
-10.5000 30.3109
-14.5106 33.2870
-18.8049 34.8083
-23.1951 34.8083
-27.4894 33.2870
-31.5000 30.3109
-35.0517 26.0101
-37.9894 20.5725
-40.1845 14.2358
-41.5411 7.2769
-42.0000 0.0000
-41.5411 -7.2769
-40.1845 -14.2358
-37.9894 -20.5725
-35.0517 -26.0101
-31.5000 -30.3109
-27.4894 -33.2870
-23.1951 -34.8083
-18.8049 -34.8083
-14.5106 -33.2870
-10.5000 -30.3109
-6.9483 -26.0101
-4.0106 -20.5725
-1.8155 -14.2358
-0.4589 -7.2769
0.0000 0.0000
-0.5245 8.3165
-2.0749 16.2695
-4.5836 23.5114
-7.9409 29.7258
-12.0000 34.6410
-16.5836 38.0423
-21.4913 39.7809
-26.5087 39.7809
-31.4164 38.0423
-36.0000 34.6410
-40.0591 29.7258
-43.4164 23.5114
-45.9251 16.2695
-47.4755 8.3165
-48.0000 0.0000
-47.4755 -8.3165
-45.9251 -16.2695
-43.4164 -23.5114
-40.0591 -29.7258
-36.0000 -34.6410
-31.4164 -38.0423
-26.5087 -39.7809
-21.4913 -39.7809
-16.5836 -38.0423
-12.0000 -34.6410
-7.9409 -29.7258
-4.5836 -23.5114
-2.0749 -16.2695
-0.5245 -8.3165
0.0000 0.0000
-0.5900 9.3560
-2.3343 18.3031
-5.1565 26.4503
-8.9335 33.4415
-13.5000 38.9711
-18.6565 42.7975
-24.1777 44.7535
-29.8223 44.7535
-35.3435 42.7975
-40.5000 38.9711
-45.0665 33.4415
-48.8435 26.4503
-51.6657 18.3031
-53.4100 9.3560
-54.0000 0.0000
-53.4100 -9.3560
-51.6657 -18.3031
-48.8435 -26.4503
-45.0665 -33.4415
-40.5000 -38.9711
-35.3435 -42.7975
-29.8223 -44.7535
-24.1777 -44.7535
-18.6565 -42.7975
-13.5000 -38.9711
-8.9335 -33.4415
-5.1565 -26.4503
-2.3343 -18.3031
-0.5900 -9.3560
0.0000 0.0000
-0.6556 10.3956
-2.5936 20.3368
-5.7295 29.3893
-9.9261 37.1572
-15.0000 43.3013
-20.7295 47.5528
-26.8641 49.7261
-33.1359 49.7261
-39.2705 47.5528
-45.0000 43.3013
-50.0739 37.1572
-54.2705 29.3893
-57.4064 20.3368
-59.3444 10.3956
-60.0000 0.0000
-59.3444 -10.3956
-57.4064 -20.3368
-54.2705 -29.3893
-50.0739 -37.1572
-45.0000 -43.3013
-39.2705 -47.5528
-33.1359 -49.7261
-26.8641 -49.7261
-20.7295 -47.5528
-15.0000 -43.3013
-9.9261 -37.1572
-5.7295 -29.3893
-2.5936 -20.3368
-0.6556 -10.3956

vectors
-0.0629 0.9980
-0.1913 0.9815
-0.3273 0.9449
-0.4753 0.8798
-0.6368 0.7711
-0.8031 0.5959
-0.9426 0.3339
-1.0000 0.0000
-0.9426 -0.3339
-0.8031 -0.5959
-0.6368 -0.7711
-0.4753 -0.8798
-0.3273 -0.9449
-0.1913 -0.9815
-0.0629 -0.9980
0.0629 -0.9980
0.1913 -0.9815
0.3273 -0.9449
0.4753 -0.8798
0.6368 -0.7711
0.8031 -0.5959
0.9426 -0.3339
1.0000 0.0000
0.9426 0.3339
0.8031 0.5959
0.6368 0.7711
0.4753 0.8798
0.3273 0.9449
0.1913 0.9815
0.0629 0.9980
-0.0629 0.9980
-0.1913 0.9815
-0.3273 0.9449
-0.4753 0.8798
-0.6368 0.7711
-0.8031 0.5959
-0.9426 0.3339
-1.0000 0.0000
-0.9426 -0.3339
-0.8031 -0.5959
-0.6368 -0.7711
-0.4753 -0.8798
-0.3273 -0.9449
-0.1913 -0.9815
-0.0629 -0.9980
0.0629 -0.9980
0.1913 -0.9815
0.3273 -0.9449
0.4753 -0.8798
0.6368 -0.7711
0.8031 -0.5959
0.9426 -0.3339
1.0000 0.0000
0.9426 0.3339
0.8031 0.5959
0.6368 0.7711
0.4753 0.8798
0.3273 0.9449
0.1913 0.9815
0.0629 0.9980
-0.0629 0.9980
-0.1913 0.9815
-0.3273 0.9449
-0.4753 0.8798
-0.6368 0.7711
-0.8031 0.5959
-0.9426 0.3339
-1.0000 0.0000
-0.9426 -0.3339
-0.8031 -0.5959
-0.6368 -0.7711
-0.4753 -0.8798
-0.3273 -0.9449
-0.1913 -0.9815
-0.0629 -0.9980
0.0629 -0.9980
0.1913 -0.9815
0.3273 -0.9449
0.4753 -0.8798
0.6368 -0.7711
0.8031 -0.5959
0.9426 -0.3339
1.0000 -0.0000
0.9426 0.3339
0.8031 0.5959
0.6368 0.7711
0.4753 0.8798
0.3273 0.9449
0.1913 0.9815
0.0629 0.9980
-0.0629 0.9980
-0.1913 0.9815
-0.3273 0.9449
-0.4753 0.8798
-0.6368 0.7711
-0.8031 0.5959
-0.9426 0.3339
-1.0000 0.0000
-0.9426 -0.3339
-0.8031 -0.5959
-0.6368 -0.7711
-0.4753 -0.8798
-0.3273 -0.9449
-0.1913 -0.9815
-0.0629 -0.9980
0.0629 -0.9980
0.1913 -0.9815
0.3273 -0.9449
0.4753 -0.8798
0.6368 -0.7711
0.8031 -0.5959
0.9426 -0.3339
1.0000 0.0000
0.9426 0.3339
0.8031 0.5959
0.6368 0.7711
0.4753 0.8798
0.3273 0.9449
0.1913 0.9815
0.0629 0.9980
-0.0629 0.9980
-0.1913 0.9815
-0.3273 0.9449
-0.4753 0.8798
-0.6368 0.7711
-0.8031 0.5959
-0.9426 0.3339
-1.0000 0.0000
-0.9426 -0.3339
-0.8031 -0.5959
-0.6368 -0.7711
-0.4753 -0.8798
-0.3273 -0.9449
-0.1913 -0.9815
-0.0629 -0.9980
0.0629 -0.9980
0.1913 -0.9815
0.3273 -0.9449
0.4753 -0.8798
0.6368 -0.7711
0.8031 -0.5959
0.9426 -0.3339
1.0000 0.0000
0.9426 0.3339
0.8031 0.5959
0.6368 0.7711
0.4753 0.8798
0.3273 0.9449
0.1913 0.9815
0.0629 0.9980
-0.0629 0.9980
-0.1913 0.9815
-0.3273 0.9449
-0.4753 0.8798
-0.6368 0.7711
-0.8031 0.5959
-0.9426 0.3339
-1.0000 0.0000
-0.9426 -0.3339
-0.8031 -0.5959
-0.6368 -0.7711
-0.4753 -0.8798
-0.3273 -0.9449
-0.1913 -0.9815
-0.0629 -0.9980
0.0629 -0.9980
0.1913 -0.9815
0.3273 -0.9449
0.4753 -0.8798
0.6368 -0.7711
0.8031 -0.5959
0.9426 -0.3339
1.0000 -0.0000
0.9426 0.3339
0.8031 0.5959
0.6368 0.7711
0.4753 0.8798
0.3273 0.9449
0.1913 0.9815
0.0629 0.9980
-0.0629 0.9980
-0.1913 0.9815
-0.3273 0.9449
-0.4753 0.8798
-0.6368 0.7711
-0.8031 0.5959
-0.9426 0.3339
-1.0000 0.0000
-0.9426 -0.3339
-0.8031 -0.5959
-0.6368 -0.7711
-0.4753 -0.8798
-0.3273 -0.9449
-0.1913 -0.9815
-0.0629 -0.9980
0.0629 -0.9980
0.1913 -0.9815
0.3273 -0.9449
0.4753 -0.8798
0.6368 -0.7711
0.8031 -0.5959
0.9426 -0.3339
1.0000 -0.0000
0.9426 0.3339
0.8031 0.5959
0.6368 0.7711
0.4753 0.8798
0.3273 0.9449
0.1913 0.9815
0.0629 0.9980
-0.0629 0.9980
-0.1913 0.9815
-0.3273 0.9449
-0.4753 0.8798
-0.6368 0.7711
-0.8031 0.5959
-0.9426 0.3339
-1.0000 0.0000
-0.9426 -0.3339
-0.8031 -0.5959
-0.6368 -0.7711
-0.4753 -0.8798
-0.3273 -0.9449
-0.1913 -0.9815
-0.0629 -0.9980
0.0629 -0.9980
0.1913 -0.9815
0.3273 -0.9449
0.4753 -0.8798
0.6368 -0.7711
0.8031 -0.5959
0.9426 -0.3339
1.0000 0.0000
0.9426 0.3339
0.8031 0.5959
0.6368 0.7711
0.4753 0.8798
0.3273 0.9449
0.1913 0.9815
0.0629 0.9980
-0.0629 0.9980
-0.1913 0.9815
-0.3273 0.9449
-0.4753 0.8798
-0.6368 0.7711
-0.8031 0.5959
-0.9426 0.3339
-1.0000 0.0000
-0.9426 -0.3339
-0.8031 -0.5959
-0.6368 -0.7711
-0.4753 -0.8798
-0.3273 -0.9449
-0.1913 -0.9815
-0.0629 -0.9980
0.0629 -0.9980
0.1913 -0.9815
0.3273 -0.9449
0.4753 -0.8798
0.6368 -0.7711
0.8031 -0.5959
0.9426 -0.3339
1.0000 -0.0000
0.9426 0.3339
0.8031 0.5959
0.6368 0.7711
0.4753 0.8798
0.3273 0.9449
0.1913 0.9815
0.0629 0.9980
-0.0629 0.9980
-0.1913 0.9815
-0.3273 0.9449
-0.4753 0.8798
-0.6368 0.7711
-0.8031 0.5959
-0.9426 0.3339
-1.0000 0.0000
-0.9426 -0.3339
-0.8031 -0.5959
-0.6368 -0.7711
-0.4753 -0.8798
-0.3273 -0.9449
-0.1913 -0.9815
-0.0629 -0.9980
0.0629 -0.9980
0.1913 -0.9815
0.3273 -0.9449
0.4753 -0.8798
0.6368 -0.7711
0.8031 -0.5959
0.9426 -0.3339
1.0000 0.0000
0.9426 0.3339
0.8031 0.5959
0.6368 0.7711
0.4753 0.8798
0.3273 0.9449
0.1913 0.9815
0.1913 0.9815
0.1913 0.9815
0.0629 -0.9980
0.1913 -0.9815
0.3273 -0.9449
0.4753 -0.8798
0.6368 -0.7711
0.8031 -0.5959
0.9426 -0.3339
1.0000 0.0000
0.9426 0.3339
0.8031 0.5959
0.6368 0.7711
0.4753 0.8798
0.3273 0.9449
0.1913 0.9815
0.0629 0.9980
-0.0629 0.9980
-0.1913 0.9815
-0.3273 0.9449
-0.4753 0.8798
-0.6368 0.7711
-0.8031 0.5959
-0.9426 0.3339
-1.0000 0.0000
-0.9426 -0.3339
-0.8031 -0.5959
-0.6368 -0.7711
-0.4753 -0.8798
-0.3273 -0.9449
-0.1913 -0.9815
-0.0629 -0.9980
0.0629 -0.9980
0.1913 -0.9815
0.3273 -0.9449
0.4753 -0.8798
0.6368 -0.7711
0.8031 -0.5959
0.9426 -0.3339
1.0000 0.0000
0.9426 0.3339
0.8031 0.5959
0.6368 0.7711
0.4753 0.8798
0.3273 0.9449
0.1913 0.9815
0.0629 0.9980
-0.0629 0.9980
-0.1913 0.9815
-0.3273 0.9449
-0.4753 0.8798
-0.6368 0.7711
-0.8031 0.5959
-0.9426 0.3339
-1.0000 0.0000
-0.9426 -0.3339
-0.8031 -0.5959
-0.6368 -0.7711
-0.4753 -0.8798
-0.3273 -0.9449
-0.1913 -0.9815
-0.0629 -0.9980
0.0629 -0.9980
0.1913 -0.9815
0.3273 -0.9449
0.4753 -0.8798
0.6368 -0.7711
0.8031 -0.5959
0.9426 -0.3339
1.0000 -0.0000
0.9426 0.3339
0.8031 0.5959
0.6368 0.7711
0.4753 0.8798
0.3273 0.9449
0.1913 0.9815
0.0629 0.9980
-0.0629 0.9980
-0.1913 0.9815
-0.3273 0.9449
-0.4753 0.8798
-0.6368 0.7711
-0.8031 0.5959
-0.9426 0.3339
-1.0000 0.0000
-0.9426 -0.3339
-0.8031 -0.5959
-0.6368 -0.7711
-0.4753 -0.8798
-0.3273 -0.9449
-0.1913 -0.9815
-0.0629 -0.9980
0.0629 -0.9980
0.1913 -0.9815
0.3273 -0.9449
0.4753 -0.8798
0.6368 -0.7711
0.8031 -0.5959
0.9426 -0.3339
1.0000 0.0000
0.9426 0.3339
0.8031 0.5959
0.6368 0.7711
0.4753 0.8798
0.3273 0.9449
0.1913 0.9815
0.0629 0.9980
-0.0629 0.9980
-0.1913 0.9815
-0.3273 0.9449
-0.4753 0.8798
-0.6368 0.7711
-0.8031 0.5959
-0.9426 0.3339
-1.0000 0.0000
-0.9426 -0.3339
-0.8031 -0.5959
-0.6368 -0.7711
-0.4753 -0.8798
-0.3273 -0.9449
-0.1913 -0.9815
-0.0629 -0.9980
0.0629 -0.9980
0.1913 -0.9815
0.3273 -0.9449
0.4753 -0.8798
0.6368 -0.7711
0.8031 -0.5959
0.9426 -0.3339
1.0000 0.0000
0.9426 0.3339
0.8031 0.5959
0.6368 0.7711
0.4753 0.8798
0.3273 0.9449
0.1913 0.9815
0.0629 0.9980
-0.0629 0.9980
-0.1913 0.9815
-0.3273 0.9449
-0.4753 0.8798
-0.6368 0.7711
-0.8031 0.5959
-0.9426 0.3339
-1.0000 0.0000
-0.9426 -0.3339
-0.8031 -0.5959
-0.6368 -0.7711
-0.4753 -0.8798
-0.3273 -0.9449
-0.1913 -0.9815
-0.0629 -0.9980
0.0629 -0.9980
0.1913 -0.9815
0.3273 -0.9449
0.4753 -0.8798
0.6368 -0.7711
0.8031 -0.5959
0.9426 -0.3339
1.0000 -0.0000
0.9426 0.3339
0.8031 0.5959
0.6368 0.7711
0.4753 0.8798
0.3273 0.9449
0.1913 0.9815
0.0629 0.9980
-0.0629 0.9980
-0.1913 0.9815
-0.3273 0.9449
-0.4753 0.8798
-0.6368 0.7711
-0.8031 0.5959
-0.9426 0.3339
-1.0000 0.0000
-0.9426 -0.3339
-0.8031 -0.5959
-0.6368 -0.7711
-0.4753 -0.8798
-0.3273 -0.9449
-0.1913 -0.9815
-0.0629 -0.9980
0.0629 -0.9980
0.1913 -0.9815
0.3273 -0.9449
0.4753 -0.8798
0.6368 -0.7711
0.8031 -0.5959
0.9426 -0.3339
1.0000 -0.0000
0.9426 0.3339
0.8031 0.5959
0.6368 0.7711
0.4753 0.8798
0.3273 0.9449
0.1913 0.9815
0.0629 0.9980
-0.0629 0.9980
-0.1913 0.9815
-0.3273 0.9449
-0.4753 0.8798
-0.6368 0.7711
-0.8031 0.5959
-0.9426 0.3339
-1.0000 0.0000
-0.9426 -0.3339
-0.8031 -0.5959
-0.6368 -0.7711
-0.4753 -0.8798
-0.3273 -0.9449
-0.1913 -0.9815
-0.0629 -0.9980
0.0629 -0.9980
0.1913 -0.9815
0.3273 -0.9449
0.4753 -0.8798
0.6368 -0.7711
0.8031 -0.5959
0.9426 -0.3339
1.0000 0.0000
0.9426 0.3339
0.8031 0.5959
0.6368 0.7711
0.4753 0.8798
0.3273 0.9449
0.1913 0.9815
0.0629 0.9980
-0.0629 0.9980
-0.1913 0.9815
-0.3273 0.9449
-0.4753 0.8798
-0.6368 0.7711
-0.8031 0.5959
-0.9426 0.3339
-1.0000 0.0000
-0.9426 -0.3339
-0.8031 -0.5959
-0.6368 -0.7711
-0.4753 -0.8798
-0.3273 -0.9449
-0.1913 -0.9815
-0.0629 -0.9980
0.0629 -0.9980
0.1913 -0.9815
0.3273 -0.9449
0.4753 -0.8798
0.6368 -0.7711
0.8031 -0.5959
0.9426 -0.3339
1.0000 -0.0000
0.9426 0.3339
0.8031 0.5959
0.6368 0.7711
0.4753 0.8798
0.3273 0.9449
0.1913 0.9815
0.0629 0.9980
-0.0629 0.9980
-0.1913 0.9815
-0.3273 0.9449
-0.4753 0.8798
-0.6368 0.7711
-0.8031 0.5959
-0.9426 0.3339
-1.0000 0.0000
-0.9426 -0.3339
-0.8031 -0.5959
-0.6368 -0.7711
-0.4753 -0.8798
-0.3273 -0.9449
-0.1913 -0.9815
-0.0629 -0.9980
0.0629 -0.9980
0.1913 -0.9815
0.3273 -0.9449
0.4753 -0.8798
0.6368 -0.7711
0.8031 -0.5959
0.9426 -0.3339
1.0000 0.0000
0.9426 0.3339
0.8031 0.5959
0.6368 0.7711
0.4753 0.8798
0.3273 0.9449
0.1913 0.9815
0.0629 0.9980
-0.0629 0.9980
-0.1913 0.9815
-0.3273 0.9449
-0.4753 0.8798
-0.6368 0.7711
-0.8031 0.5959
-0.9426 0.3339
-1.0000 0.0000
-0.9426 -0.3339
-0.8031 -0.5959
-0.6368 -0.7711
-0.4753 -0.8798
-0.3273 -0.9449
-0.1913 -0.9815

arcs
12.7635
11.7212
10.7076
9.7487
8.8646
8.0662
7.3506
6.6969
6.0666
5.4129
4.6973
3.8989
3.0148
2.0559
1.0423
0.0000
24.4847
23.4711
22.5122
21.6281
20.8297
20.1141
19.4604
18.8301
18.1764
17.4608
16.6624
15.7783
14.8194
13.8058
25.5270
23.4424
21.4152
19.4973
17.7292
16.1325
14.7012
13.3938
12.1331
10.8258
9.3945
7.7978
6.0297
4.1118
2.0846
0.0000
48.9694
46.9422
45.0243
43.2562
41.6594
40.2282
38.9208
37.6601
36.3528
34.9215
33.3248
31.5567
29.6388
27.6116
38.2905
35.1635
32.1227
29.2460
26.5938
24.1987
22.0518
20.0908
18.1997
16.2387
14.0918
11.6967
9.0445
6.1678
3.1270
0.0000
73.4540
70.4132
67.5365
64.8843
62.4892
60.3423
58.3813
56.4902
54.5292
52.3823
49.9872
47.3350
44.4583
41.4175
51.0540
46.8847
42.8303
38.9947
35.4584
32.2649
29.4024
26.7877
24.2663
21.6516
18.7891
15.5955
12.0593
8.2237
4.1693
0.0000
97.9387
93.8843
90.0487
86.5124
83.3189
80.4564
77.8417
75.3203
72.7056
69.8431
66.6495
63.1133
59.2777
55.2233
63.8175
58.6059
53.5379
48.7433
44.3231
40.3311
36.7530
33.4846
30.3329
27.0645
23.4864
19.4944
15.0742
10.2796
5.2116
0.0000
122.4234
117.3554
112.5608
108.1406
104.1486
100.5705
97.3021
94.1504
90.8820
87.3039
83.3119
78.8917
74.0971
69.0291
76.5810
70.3271
64.2455
58.4920
53.1877
48.3974
44.1036
40.1815
36.3994
32.4774
28.1836
23.3933
18.0890
12.3355
6.2539
0.0000
146.9081
140.8265
135.0730
129.7687
124.9783
120.6846
116.7625
112.9804
109.0584
104.7646
99.9743
94.6700
88.9165
82.8349
89.3445
82.0483
74.9531
68.2407
62.0523
56.4636
51.4542
46.8785
42.4660
37.8903
32.8809
27.2922
21.1038
14.3914
7.2962
0.0000
171.3928
164.2976
157.5852
151.3968
145.8081
140.7987
136.2230
131.8105
127.2348
122.2254
116.6367
110.4483
103.7359
96.6407
102.1080
93.7694
85.6607
77.9893
70.9169
64.5298
58.8048
53.5754
48.5326
43.3032
37.5782
31.1911
24.1187
16.4473
8.3386
0.0000
195.8774
187.7686
180.0973
173.0249
166.6378
160.9128
155.6834
150.6406
145.4112
139.6862
133.2991
126.2267
118.5553
110.4466
114.8715
105.4906
96.3682
87.7380
79.7815
72.5960
66.1554
60.2723
54.5992
48.7161
42.2755
35.0900
27.1335
18.5033
9.3809
0.0000
220.3621
211.2397
202.6095
194.6530
187.4675
181.0269
175.1438
169.4707
163.5876
157.1470
149.9615
142.0050
133.3748
124.2524
127.6350
117.2118
107.0758
97.4867
88.6461
80.6623
73.5060
66.9692
60.6657
54.1290
46.9727
38.9889
30.1483
20.5592
10.4232
0.0000
244.8468
234.7108
225.1217
216.2811
208.2972
201.1410
194.6042
188.3007
181.7640
174.6077
166.6239
157.7833
148.1942
138.0582
0.0000
1.0423
2.0559
3.0148
3.8989
4.6973
5.4129
6.0666
6.6969
7.3506
8.0662
8.8646
9.7487
10.7076
11.7212
12.7635
13.8058
14.8194
15.7783
16.6624
17.4608
18.1764
18.8301
19.4604
20.1141
20.8297
21.6281
22.5122
23.4711
24.4847
0.0000
2.0846
4.1118
6.0297
7.7978
9.3945
10.8258
12.1331
13.3938
14.7012
16.1325
17.7292
19.4973
21.4152
23.4424
25.5270
27.6116
29.6388
31.5567
33.3248
34.9215
36.3528
37.6601
38.9208
40.2282
41.6594
43.2562
45.0243
46.9422
48.9694
0.0000
3.1270
6.1678
9.0445
11.6967
14.0918
16.2387
18.1997
20.0908
22.0518
24.1987
26.5938
29.2460
32.1227
35.1635
38.2905
41.4175
44.4583
47.3350
49.9872
52.3823
54.5292
56.4902
58.3813
60.3423
62.4892
64.8843
67.5365
70.4132
73.4540
0.0000
4.1693
8.2237
12.0593
15.5955
18.7891
21.6516
24.2663
26.7877
29.4024
32.2649
35.4584
38.9947
42.8303
46.8847
51.0540
55.2233
59.2777
63.1133
66.6495
69.8431
72.7056
75.3203
77.8417
80.4564
83.3189
86.5124
90.0487
93.8843
97.9387
0.0000
5.2116
10.2796
15.0742
19.4944
23.4864
27.0645
30.3329
33.4846
36.7530
40.3311
44.3231
48.7433
53.5379
58.6059
63.8175
69.0291
74.0971
78.8917
83.3119
87.3039
90.8820
94.1504
97.3021
100.5705
104.1486
108.1406
112.5608
117.3554
122.4234
0.0000
6.2539
12.3355
18.0890
23.3933
28.1836
32.4774
36.3994
40.1815
44.1036
48.3974
53.1877
58.4920
64.2455
70.3271
76.5810
82.8349
88.9165
94.6700
99.9743
104.7646
109.0584
112.9804
116.7625
120.6846
124.9783
129.7687
135.0730
140.8265
146.9081
0.0000
7.2962
14.3914
21.1038
27.2922
32.8809
37.8903
42.4660
46.8785
51.4542
56.4636
62.0523
68.2407
74.9531
82.0483
89.3445
96.6407
103.7359
110.4483
116.6367
122.2254
127.2348
131.8105
136.2230
140.7987
145.8081
151.3968
157.5852
164.2976
171.3928
0.0000
8.3386
16.4473
24.1187
31.1911
37.5782
43.3032
48.5326
53.5754
58.8048
64.5298
70.9169
77.9893
85.6607
93.7694
102.1080
110.4466
118.5553
126.2267
133.2991
139.6862
145.4112
150.6406
155.6834
160.9128
166.6378
173.0249
180.0973
187.7686
195.8774
0.0000
9.3809
18.5033
27.1335
35.0900
42.2755
48.7161
54.5992
60.2723
66.1554
72.5960
79.7815
87.7380
96.3682
105.4906
114.8715
124.2524
133.3748
142.0050
149.9615
157.1470
163.5876
169.4707
175.1438
181.0269
187.4675
194.6530
202.6095
211.2397
220.3621
0.0000
10.4232
20.5592
30.1483
38.9889
46.9727
54.1290
60.6657
66.9692
73.5060
80.6623
88.6461
97.4867
107.0758
117.2118
127.6350
138.0582
148.1942
157.7833
166.6239
174.6077
181.7640
188.3007
194.6042
201.1410
208.2972
216.2811
225.1217
234.7108
244.8468
